X =[0         0
    0.5000         0
    1.0000         0
         0    0.5000
    0.5000    0.5000
    1.0000    0.5000
         0    1.0000
    0.5000    1.0000
    1.0000    1.0000];
T =[ 1     2     5     4
     2     3     6     5
     4     5     8     7
     5     6     9     8];
 inflowEdges = [1 2 3];
 outflowEdges = [7 8 9];
 zeroNodes = [1.0000         0
    3.0000    1.0000
    4.0000    0.5000
    6.0000    1.5000
    7.0000    1.0000
    9.0000    2.0000];